/*
	normalmap GIMP plugin

	Copyright (C) 2002 Shawn Kirst <skirst@fuse.net>

	This program is free software; you can redistribute it and/or
	modify it under the terms of the GNU General Public
	License as published by the Free Software Foundation; either
	version 2 of the License, or (at your option) any later version.

	This program is distributed in the hope that it will be useful,
	but WITHOUT ANY WARRANTY; without even the implied warranty of
	MERCHANTABILITY or FITNESS FOR A PARTICULAR PURPOSE.  See the GNU
	General Public License for more details.

	You should have received a copy of the GNU General Public License
	along with this program; see the file COPYING.  If not, write to
	the Free Software Foundation, Inc., 59 Temple Place - Suite 330,
	Boston, MA 02111-1307, USA.
*/

#ifndef __TEAPOT_H
#define __TEAPOT_H

#define TEAPOT_NUM_VERTS 3289
static float teapot_verts[TEAPOT_NUM_VERTS * 16] =
{
   0.435484, 0.434481, -0.000000, 1.000000, 2.000000, 2.000000, 0.043596, 0.000119, -0.999049, 0.321953, -0.946653, 0.013937, -0.945751, -0.322255, -0.041309, 1.000000,
   0.420161, 0.434481, 0.116935, 1.000000, 1.833333, 2.000000, 0.301268, 0.000889, -0.953539, 0.308040, -0.946472, 0.096442, -0.902413, -0.322783, -0.285416, 1.000000,
   0.414569, 0.451493, 0.115379, 1.000000, 1.833333, 1.983333, 0.277854, 0.000530, -0.960623, 0.144299, -0.988676, 0.041192, -0.949724, -0.150063, -0.274784, 1.000000,
   0.429688, 0.451493, -0.000000, 1.000000, 2.000000, 1.983333, -0.017408, 0.000257, -0.999849, 0.149859, -0.988703, -0.002863, -0.988554, -0.149886, 0.017172, 1.000000,
   0.415437, 0.461699, 0.115621, 1.000000, 1.833333, 1.966667, 0.271797, 0.001799, -0.962353, -0.456446, -0.880120, -0.130559, -0.847221, 0.474748, -0.238393, 1.000000,
   0.430588, 0.461699, -0.000000, 1.000000, 2.000000, 1.966667, -0.031588, 0.007128, -0.999476, -0.474126, -0.880414, 0.008699, -0.879890, 0.474152, 0.031191, 1.000000,
   0.421099, 0.465101, 0.117197, 1.000000, 1.833333, 1.950000, 0.273920, 0.009739, -0.961703, -0.950425, -0.150276, -0.272230, -0.147172, 0.988596, -0.031908, 1.000000,
   0.436456, 0.465101, -0.000000, 1.000000, 2.000000, 1.950000, -0.021643, 0.024955, -0.999454, -0.988377, -0.151000, 0.017609, -0.150478, 0.988219, 0.027933, 1.000000,
   0.421099, 0.465101, 0.117197, 1.000000, 1.833333, 1.950000, 0.273920, 0.009739, -0.961703, -0.950425, -0.150276, -0.272230, -0.147172, 0.988596, -0.031908, 1.000000,
   0.429887, 0.461699, 0.119642, 1.000000, 1.833333, 1.933333, 0.277835, 0.004052, -0.960620, -0.828871, 0.506480, -0.237593, 0.485573, 0.862242, 0.144077, 1.000000,
   0.445565, 0.461699, -0.000000, 1.000000, 2.000000, 1.933333, -0.013126, 0.007520, -0.999886, -0.861879, 0.506889, 0.015125, 0.506944, 0.861979, -0.000172, 1.000000,
   0.440134, 0.451493, 0.122494, 1.000000, 1.833333, 1.916667, 0.277905, 0.002012, -0.960606, -0.616552, 0.767215, -0.176763, 0.736636, 0.641387, 0.214454, 1.000000,
   0.456185, 0.451493, -0.000000, 1.000000, 2.000000, 1.916667, -0.014928, 0.002129, -0.999886, -0.640756, 0.767663, 0.011200, 0.767600, 0.640850, -0.010096, 1.000000,
   0.450173, 0.434481, 0.125288, 1.000000, 1.833333, 1.900000, 0.277635, 0.000653, -0.960686, -0.463633, 0.875929, -0.133393, 0.841406, 0.482440, 0.243491, 1.000000,
   0.466590, 0.434481, -0.000000, 1.000000, 2.000000, 1.900000, 0.020300, -0.000107, -0.999794, -0.468209, 0.883566, -0.009601, 0.883385, 0.468307, 0.017887, 1.000000,
   0.456185, 0.451493, -0.000000, 1.000000, 2.000000, 1.916667, -0.014928, 0.002129, -0.999886, -0.640756, 0.767663, 0.011200, 0.767600, 0.640850, -0.010096, 1.000000,
   0.376774, 0.434481, 0.221290, 1.000000, 1.666667, 2.000000, 0.538241, 0.000458, -0.842791, 0.272710, -0.946295, 0.173649, -0.797449, -0.323303, -0.509460, 1.000000,
   0.371759, 0.451493, 0.218345, 1.000000, 1.666667, 1.983333, 0.517558, 0.000301, -0.855648, 0.128782, -0.988636, 0.077549, -0.845901, -0.150329, -0.511715, 1.000000,
   0.420161, 0.434481, 0.116935, 1.000000, 1.833333, 2.000000, 0.301268, 0.000889, -0.953539, 0.308040, -0.946472, 0.096442, -0.902413, -0.322783, -0.285416, 1.000000,
   0.414569, 0.451493, 0.115379, 1.000000, 1.833333, 1.983333, 0.277854, 0.000530, -0.960623, 0.144299, -0.988676, 0.041192, -0.949724, -0.150063, -0.274784, 1.000000,
   0.371759, 0.451493, 0.218345, 1.000000, 1.666667, 1.983333, 0.517558, 0.000301, -0.855648, 0.128782, -0.988636, 0.077549, -0.845901, -0.150329, -0.511715, 1.000000,
   0.372538, 0.461699, 0.218802, 1.000000, 1.666667, 1.966667, 0.512465, 0.002420, -0.858705, -0.406873, -0.879934, -0.245298, -0.756197, 0.475091, -0.449951, 1.000000,
   0.377615, 0.465101, 0.221784, 1.000000, 1.666667, 1.950000, 0.515314, 0.009855, -0.856945, -0.846524, -0.150027, -0.510773, -0.133598, 0.988633, -0.068969, 1.000000,
   0.415437, 0.461699, 0.115621, 1.000000, 1.833333, 1.966667, 0.271797, 0.001799, -0.962353, -0.456446, -0.880120, -0.130559, -0.847221, 0.474748, -0.238393, 1.000000,
   0.421099, 0.465101, 0.117197, 1.000000, 1.833333, 1.950000, 0.273920, 0.009739, -0.961703, -0.950425, -0.150276, -0.272230, -0.147172, 0.988596, -0.031908, 1.000000,
   0.385496, 0.461699, 0.226413, 1.000000, 1.666667, 1.933333, 0.518477, 0.003369, -0.855085, -0.738499, 0.505853, -0.445793, 0.431046, 0.862613, 0.264761, 1.000000,
   0.421099, 0.465101, 0.117197, 1.000000, 1.833333, 1.950000, 0.273920, 0.009739, -0.961703, -0.950425, -0.150276, -0.272230, -0.147172, 0.988596, -0.031908, 1.000000,
   0.429887, 0.461699, 0.119642, 1.000000, 1.833333, 1.933333, 0.277835, 0.004052, -0.960620, -0.828871, 0.506480, -0.237593, 0.485573, 0.862242, 0.144077, 1.000000,
   0.394685, 0.451493, 0.231810, 1.000000, 1.666667, 1.916667, 0.518115, 0.001260, -0.855310, -0.549665, 0.766650, -0.331838, 0.655305, 0.642065, 0.397906, 1.000000,
   0.440134, 0.451493, 0.122494, 1.000000, 1.833333, 1.916667, 0.277905, 0.002012, -0.960606, -0.616552, 0.767215, -0.176763, 0.736636, 0.641387, 0.214454, 1.000000,
   0.429887, 0.461699, 0.119642, 1.000000, 1.833333, 1.933333, 0.277835, 0.004052, -0.960620, -0.828871, 0.506480, -0.237593, 0.485573, 0.862242, 0.144077, 1.000000,
   0.394685, 0.451493, 0.231810, 1.000000, 1.666667, 1.916667, 0.518115, 0.001260, -0.855310, -0.549665, 0.766650, -0.331838, 0.655305, 0.642065, 0.397906, 1.000000,
   0.403687, 0.434481, 0.237097, 1.000000, 1.666667, 1.900000, 0.517642, 0.000013, -0.855597, -0.413366, 0.875552, -0.250076, 0.749117, 0.483124, 0.453228, 1.000000,
   0.309194, 0.434481, 0.309194, 1.000000, 1.500000, 2.000000, 0.737188, 0.000119, -0.675688, 0.218626, -0.946249, 0.238359, -0.639341, -0.323438, -0.697589, 1.000000,
   0.305078, 0.451493, 0.305078, 1.000000, 1.500000, 1.983333, 0.720548, 0.000118, -0.693405, 0.104400, -0.988619, 0.108317, -0.685501, -0.150439, -0.712360, 1.000000,
   0.371759, 0.451493, 0.218345, 1.000000, 1.666667, 1.983333, 0.517558, 0.000301, -0.855648, 0.128782, -0.988636, 0.077549, -0.845901, -0.150329, -0.511715, 1.000000,
   0.376774, 0.434481, 0.221290, 1.000000, 1.666667, 2.000000, 0.538241, 0.000458, -0.842791, 0.272710, -0.946295, 0.173649, -0.797449, -0.323303, -0.509460, 1.000000,
   0.371759, 0.451493, 0.218345, 1.000000, 1.666667, 1.983333, 0.517558, 0.000301, -0.855648, 0.128782, -0.988636, 0.077549, -0.845901, -0.150329, -0.511715, 1.000000,
   0.305717, 0.461699, 0.305717, 1.000000, 1.500000, 1.966667, 0.716614, 0.002911, -0.697463, -0.329588, -0.879884, -0.342311, -0.614683, 0.475180, -0.629578, 1.000000,
   0.309884, 0.465101, 0.309884, 1.000000, 1.500000, 1.950000, 0.719531, 0.009963, -0.694389, -0.685502, -0.149898, -0.712473, -0.111185, 0.988651, -0.101027, 1.000000,
   0.377615, 0.465101, 0.221784, 1.000000, 1.666667, 1.950000, 0.515314, 0.009855, -0.856945, -0.846524, -0.150027, -0.510773, -0.133598, 0.988633, -0.068969, 1.000000,
   0.377615, 0.465101, 0.221784, 1.000000, 1.666667, 1.950000, 0.515314, 0.009855, -0.856945, -0.846524, -0.150027, -0.510773, -0.133598, 0.988633, -0.068969, 1.000000,
   0.316351, 0.461699, 0.316351, 1.000000, 1.500000, 1.933333, 0.721904, 0.002848, -0.691987, -0.598043, 0.505655, -0.621818, 0.348136, 0.862731, 0.366738, 1.000000,
   0.377615, 0.465101, 0.221784, 1.000000, 1.666667, 1.950000, 0.515314, 0.009855, -0.856945, -0.846524, -0.150027, -0.510773, -0.133598, 0.988633, -0.068969, 1.000000,
   0.323892, 0.451493, 0.323892, 1.000000, 1.500000, 1.916667, 0.721339, 0.000674, -0.692582, -0.445213, 0.766460, -0.462953, 0.530524, 0.642292, 0.553178, 1.000000,
   0.385496, 0.461699, 0.226413, 1.000000, 1.666667, 1.933333, 0.518477, 0.003369, -0.855085, -0.738499, 0.505853, -0.445793, 0.431046, 0.862613, 0.264761, 1.000000,
   0.394685, 0.451493, 0.231810, 1.000000, 1.666667, 1.916667, 0.518115, 0.001260, -0.855310, -0.549665, 0.766650, -0.331838, 0.655305, 0.642065, 0.397906, 1.000000,
   0.331279, 0.434481, 0.331279, 1.000000, 1.500000, 1.900000, 0.720802, -0.000492, -0.693141, -0.334723, 0.875425, -0.348701, 0.606964, 0.483354, 0.630843, 1.000000,
   0.403687, 0.434481, 0.237097, 1.000000, 1.666667, 1.900000, 0.517642, 0.000013, -0.855597, -0.413366, 0.875552, -0.250076, 0.749117, 0.483124, 0.453228, 1.000000,
   0.221290, 0.434481, 0.376774, 1.000000, 1.333333, 2.000000, 0.886601, -0.000218, -0.462535, 0.149282, -0.946350, 0.286594, -0.437782, -0.323142, -0.839003, 1.000000,
   0.218345, 0.451493, 0.371759, 1.000000, 1.333333, 1.983333, 0.874986, -0.000063, -0.484148, 0.072737, -0.988633, 0.131584, -0.478653, -0.150349, -0.865036, 1.000000,
   0.218802, 0.461699, 0.372538, 1.000000, 1.333333, 1.966667, 0.872344, 0.003427, -0.488881, -0.229591, -0.879977, -0.415846, -0.431629, 0.475003, -0.766856, 1.000000,
   0.305078, 0.451493, 0.305078, 1.000000, 1.500000, 1.983333, 0.720548, 0.000118, -0.693405, 0.104400, -0.988619, 0.108317, -0.685501, -0.150439, -0.712360, 1.000000,
   0.305717, 0.461699, 0.305717, 1.000000, 1.500000, 1.966667, 0.716614, 0.002911, -0.697463, -0.329588, -0.879884, -0.342311, -0.614683, 0.475180, -0.629578, 1.000000,
   0.221784, 0.465101, 0.377615, 1.000000, 1.333333, 1.950000, 0.874816, 0.010198, -0.484349, -0.477562, -0.149930, -0.865711, -0.081447, 0.988644, -0.126291, 1.000000,
   0.309884, 0.465101, 0.309884, 1.000000, 1.500000, 1.950000, 0.719531, 0.009963, -0.694389, -0.685502, -0.149898, -0.712473, -0.111185, 0.988651, -0.101027, 1.000000,
   0.309884, 0.465101, 0.309884, 1.000000, 1.500000, 1.950000, 0.719531, 0.009963, -0.694389, -0.685502, -0.149898, -0.712473, -0.111185, 0.988651, -0.101027, 1.000000,
   0.221784, 0.465101, 0.377615, 1.000000, 1.333333, 1.950000, 0.874816, 0.010198, -0.484349, -0.477562, -0.149930, -0.865711, -0.081447, 0.988644, -0.126291, 1.000000,
   0.226413, 0.461699, 0.385496, 1.000000, 1.333333, 1.933333, 0.876370, 0.002360, -0.481633, -0.416483, 0.505962, -0.755344, 0.241905, 0.862553, 0.444392, 1.000000,
   0.309884, 0.465101, 0.309884, 1.000000, 1.500000, 1.950000, 0.719531, 0.009963, -0.694389, -0.685502, -0.149898, -0.712473, -0.111185, 0.988651, -0.101027, 1.000000,
   0.316351, 0.461699, 0.316351, 1.000000, 1.500000, 1.933333, 0.721904, 0.002848, -0.691987, -0.598043, 0.505655, -0.621818, 0.348136, 0.862731, 0.366738, 1.000000,
   0.231810, 0.451493, 0.394685, 1.000000, 1.333333, 1.916667, 0.875781, 0.000096, -0.482708, -0.309955, 0.766719, -0.562201, 0.370048, 0.641983, 0.671507, 1.000000,
   0.316351, 0.461699, 0.316351, 1.000000, 1.500000, 1.933333, 0.721904, 0.002848, -0.691987, -0.598043, 0.505655, -0.621818, 0.348136, 0.862731, 0.366738, 1.000000,
   0.237097, 0.434481, 0.403687, 1.000000, 1.333333, 1.900000, 0.875295, -0.001001, -0.483589, -0.232828, 0.875596, -0.423229, 0.423852, 0.483043, 0.766171, 1.000000,
   0.331279, 0.434481, 0.331279, 1.000000, 1.500000, 1.900000, 0.720802, -0.000492, -0.693141, -0.334723, 0.875425, -0.348701, 0.606964, 0.483354, 0.630843, 1.000000,
   0.116935, 0.434481, 0.420161, 1.000000, 1.166667, 2.000000, 0.976387, -0.000637, -0.216026, 0.069090, -0.946553, 0.315061, -0.204681, -0.322546, -0.924159, 1.000000,
   0.115379, 0.451493, 0.414569, 1.000000, 1.166667, 1.983333, 0.970714, -0.000289, -0.240238, 0.035781, -0.988672, 0.145767, -0.237559, -0.150095, -0.959707, 1.000000,
   0.218345, 0.451493, 0.371759, 1.000000, 1.333333, 1.983333, 0.874986, -0.000063, -0.484148, 0.072737, -0.988633, 0.131584, -0.478653, -0.150349, -0.865036, 1.000000,
   0.218345, 0.451493, 0.371759, 1.000000, 1.333333, 1.983333, 0.874986, -0.000063, -0.484148, 0.072737, -0.988633, 0.131584, -0.478653, -0.150349, -0.865036, 1.000000,
   0.115621, 0.461699, 0.415437, 1.000000, 1.166667, 1.966667, 0.969457, 0.004081, -0.245228, -0.112909, -0.880182, -0.461011, -0.217727, 0.474619, -0.852838, 1.000000,
   0.218802, 0.461699, 0.372538, 1.000000, 1.333333, 1.966667, 0.872344, 0.003427, -0.488881, -0.229591, -0.879977, -0.415846, -0.431629, 0.475003, -0.766856, 1.000000,
   0.117196, 0.465101, 0.421099, 1.000000, 1.166667, 1.950000, 0.970944, 0.010529, -0.239075, -0.234846, -0.150112, -0.960372, -0.046000, 0.988613, -0.143278, 1.000000,
   0.221784, 0.465101, 0.377615, 1.000000, 1.333333, 1.950000, 0.874816, 0.010198, -0.484349, -0.477562, -0.149930, -0.865711, -0.081447, 0.988644, -0.126291, 1.000000,
   0.221784, 0.465101, 0.377615, 1.000000, 1.333333, 1.950000, 0.874816, 0.010198, -0.484349, -0.477562, -0.149930, -0.865711, -0.081447, 0.988644, -0.126291, 1.000000,
   0.119642, 0.461699, 0.429887, 1.000000, 1.166667, 1.933333, 0.971666, 0.001732, -0.236354, -0.204627, 0.506645, -0.837519, 0.118297, 0.862153, 0.492644, 1.000000,
   0.221784, 0.465101, 0.377615, 1.000000, 1.333333, 1.950000, 0.874816, 0.010198, -0.484349, -0.477562, -0.149930, -0.865711, -0.081447, 0.988644, -0.126291, 1.000000,
   0.226413, 0.461699, 0.385496, 1.000000, 1.333333, 1.933333, 0.876370, 0.002360, -0.481633, -0.416483, 0.505962, -0.755344, 0.241905, 0.862553, 0.444392, 1.000000,
   0.122494, 0.451493, 0.440134, 1.000000, 1.166667, 1.916667, 0.971254, -0.000643, -0.238047, -0.152172, 0.767318, -0.622949, 0.183058, 0.641266, 0.745163, 1.000000,
   0.226413, 0.461699, 0.385496, 1.000000, 1.333333, 1.933333, 0.876370, 0.002360, -0.481633, -0.416483, 0.505962, -0.755344, 0.241905, 0.862553, 0.444392, 1.000000,
   0.125288, 0.434481, 0.450173, 1.000000, 1.166667, 1.900000, 0.970944, -0.001644, -0.239299, -0.114021, 0.875994, -0.468652, 0.210395, 0.482320, 0.850354, 1.000000,
   0.000000, 0.434481, 0.435484, 1.000000, 1.000000, 2.000000, 0.999260, -0.001046, 0.038443, -0.013682, -0.943906, 0.329932, 0.035941, -0.330213, -0.943222, 1.000000,
   0.000000, 0.451493, 0.429688, 1.000000, 1.000000, 1.983333, 0.999867, -0.000268, 0.016309, -0.002786, -0.987977, 0.154578, 0.016072, -0.154603, -0.987846, 1.000000,
   0.116935, 0.434481, 0.420161, 1.000000, 1.166667, 2.000000, 0.976387, -0.000637, -0.216026, 0.069090, -0.946553, 0.315061, -0.204681, -0.322546, -0.924159, 1.000000,
   0.000000, 0.461699, 0.430588, 1.000000, 1.000000, 1.966667, 0.999916, 0.003319, 0.012558, 0.008856, -0.881427, -0.472237, 0.009502, 0.472309, -0.881382, 1.000000,
   0.115621, 0.461699, 0.415437, 1.000000, 1.166667, 1.966667, 0.969457, 0.004081, -0.245228, -0.112909, -0.880182, -0.461011, -0.217727, 0.474619, -0.852838, 1.000000,
   0.000000, 0.465101, 0.436456, 1.000000, 1.000000, 1.950000, 0.999791, 0.010198, 0.017698, 0.019025, -0.149809, -0.988532, -0.007430, 0.988662, -0.149972, 1.000000,
   0.117196, 0.465101, 0.421099, 1.000000, 1.166667, 1.950000, 0.970944, 0.010529, -0.239075, -0.234846, -0.150112, -0.960372, -0.046000, 0.988613, -0.143278, 1.000000,
   0.000000, 0.465101, 0.436456, 1.000000, 1.000000, 1.950000, 0.999791, 0.010198, 0.017698, 0.019025, -0.149809, -0.988532, -0.007430, 0.988662, -0.149972, 1.000000,
   0.000000, 0.461699, 0.445565, 1.000000, 1.000000, 1.933333, 0.999772, 0.002812, 0.021164, 0.016812, 0.507307, -0.861602, -0.013159, 0.861761, 0.507144, 1.000000,
   0.119642, 0.461699, 0.429887, 1.000000, 1.166667, 1.933333, 0.971666, 0.001732, -0.236354, -0.204627, 0.506645, -0.837519, 0.118297, 0.862153, 0.492644, 1.000000,
   0.117196, 0.465101, 0.421099, 1.000000, 1.166667, 1.950000, 0.970944, 0.010529, -0.239075, -0.234846, -0.150112, -0.960372, -0.046000, 0.988613, -0.143278, 1.000000,
   0.119642, 0.461699, 0.429887, 1.000000, 1.166667, 1.933333, 0.971666, 0.001732, -0.236354, -0.204627, 0.506645, -0.837519, 0.118297, 0.862153, 0.492644, 1.000000,
   0.000000, 0.451493, 0.456185, 1.000000, 1.000000, 1.916667, 0.999792, 0.000663, 0.020371, 0.012544, 0.767731, -0.640649, -0.016064, 0.640772, 0.767563, 1.000000,
   0.122494, 0.451493, 0.440134, 1.000000, 1.166667, 1.916667, 0.971254, -0.000643, -0.238047, -0.152172, 0.767318, -0.622949, 0.183058, 0.641266, 0.745163, 1.000000,
   0.119642, 0.461699, 0.429887, 1.000000, 1.166667, 1.933333, 0.971666, 0.001732, -0.236354, -0.204627, 0.506645, -0.837519, 0.118297, 0.862153, 0.492644, 1.000000,
   0.000000, 0.434481, 0.466590, 1.000000, 1.000000, 1.900000, 0.999808, -0.000494, 0.019604, 0.009879, 0.876253, -0.481750, -0.016940, 0.481851, 0.876089, 1.000000,
   0.125288, 0.434481, 0.450173, 1.000000, 1.166667, 1.900000, 0.970944, -0.001644, -0.239299, -0.114021, 0.875994, -0.468652, 0.210395, 0.482320, 0.850354, 1.000000,
   -0.126656, 0.434481, 0.420161, 1.000000, 0.833333, 2.000000, 0.956534, 0.001828, 0.291614, -0.111235, -0.922097, 0.370627, 0.269574, -0.386955, -0.881814, 1.000000,
   -0.121004, 0.451493, 0.414569, 1.000000, 0.833333, 1.983333, 0.962459, 0.001253, 0.271424, -0.056861, -0.976875, 0.206112, 0.265405, -0.213808, -0.940131, 1.000000,
   0.000000, 0.451493, 0.429688, 1.000000, 1.000000, 1.983333, 0.999867, -0.000268, 0.016309, -0.002786, -0.987977, 0.154578, 0.016072, -0.154603, -0.987846, 1.000000,
   0.000000, 0.451493, 0.429688, 1.000000, 1.000000, 1.983333, 0.999867, -0.000268, 0.016309, -0.002786, -0.987977, 0.154578, 0.016072, -0.154603, -0.987846, 1.000000,
   -0.118501, 0.461699, 0.415437, 1.000000, 0.833333, 1.966667, 0.962946, 0.000324, 0.269694, 0.115392, -0.904339, -0.410921, 0.243762, 0.426815, -0.870867, 1.000000,
   0.000000, 0.461699, 0.430588, 1.000000, 1.000000, 1.966667, 0.999916, 0.003319, 0.012558, 0.008856, -0.881427, -0.472237, 0.009502, 0.472309, -0.881382, 1.000000,
   -0.118501, 0.461699, 0.415437, 1.000000, 0.833333, 1.966667, 0.962946, 0.000324, 0.269694, 0.115392, -0.904339, -0.410921, 0.243762, 0.426815, -0.870867, 1.000000,
   -0.118412, 0.465101, 0.421099, 1.000000, 0.833333, 1.950000, 0.962310, 0.008985, 0.271807, 0.269577, -0.163111, -0.949064, 0.035808, 0.986567, -0.159386, 1.000000,
   0.000000, 0.465101, 0.436456, 1.000000, 1.000000, 1.950000, 0.999791, 0.010198, 0.017698, 0.019025, -0.149809, -0.988532, -0.007430, 0.988662, -0.149972, 1.000000,
   0.000000, 0.461699, 0.430588, 1.000000, 1.000000, 1.966667, 0.999916, 0.003319, 0.012558, 0.008856, -0.881427, -0.472237, 0.009502, 0.472309, -0.881382, 1.000000,
   0.000000, 0.465101, 0.436456, 1.000000, 1.000000, 1.950000, 0.999791, 0.010198, 0.017698, 0.019025, -0.149809, -0.988532, -0.007430, 0.988662, -0.149972, 1.000000,
   -0.118412, 0.465101, 0.421099, 1.000000, 0.833333, 1.950000, 0.962310, 0.008985, 0.271807, 0.269577, -0.163111, -0.949064, 0.035808, 0.986567, -0.159386, 1.000000,
   -0.120002, 0.461699, 0.429887, 1.000000, 0.833333, 1.933333, 0.960734, 0.004566, 0.277434, 0.236092, 0.511850, -0.825997, -0.145776, 0.859063, 0.490673, 1.000000,
   0.000000, 0.465101, 0.436456, 1.000000, 1.000000, 1.950000, 0.999791, 0.010198, 0.017698, 0.019025, -0.149809, -0.988532, -0.007430, 0.988662, -0.149972, 1.000000,
   0.000000, 0.461699, 0.445565, 1.000000, 1.000000, 1.933333, 0.999772, 0.002812, 0.021164, 0.016812, 0.507307, -0.861602, -0.013159, 0.861761, 0.507144, 1.000000,
   -0.122539, 0.451493, 0.440134, 1.000000, 0.833333, 1.916667, 0.960611, 0.002121, 0.277888, 0.176197, 0.768629, -0.614951, -0.214897, 0.639691, 0.737980, 1.000000,
   0.000000, 0.451493, 0.456185, 1.000000, 1.000000, 1.916667, 0.999792, 0.000663, 0.020371, 0.012544, 0.767731, -0.640649, -0.016064, 0.640772, 0.767563, 1.000000,
   0.000000, 0.461699, 0.445565, 1.000000, 1.000000, 1.933333, 0.999772, 0.002812, 0.021164, 0.016812, 0.507307, -0.861602, -0.013159, 0.861761, 0.507144, 1.000000,
   0.000000, 0.451493, 0.456185, 1.000000, 1.000000, 1.916667, 0.999792, 0.000663, 0.020371, 0.012544, 0.767731, -0.640649, -0.016064, 0.640772, 0.767563, 1.000000,
   -0.125288, 0.434481, 0.450173, 1.000000, 0.833333, 1.900000, 0.960686, 0.000661, 0.277635, 0.133326, 0.876049, -0.463425, -0.243528, 0.482222, 0.841520, 1.000000,
   0.000000, 0.434481, 0.466590, 1.000000, 1.000000, 1.900000, 0.999808, -0.000494, 0.019604, 0.009879, 0.876253, -0.481750, -0.016940, 0.481851, 0.876089, 1.000000,
   -0.233733, 0.434481, 0.376774, 1.000000, 0.666667, 2.000000, 0.842250, 0.000887, 0.539086, -0.239724, -0.895070, 0.376007, 0.482854, -0.445924, -0.753660, 1.000000,
   -0.225545, 0.451493, 0.371759, 1.000000, 0.666667, 1.983333, 0.855978, 0.000805, 0.517012, -0.150715, -0.956179, 0.251012, 0.494558, -0.292782, -0.818347, 1.000000,
   -0.126656, 0.434481, 0.420161, 1.000000, 0.833333, 2.000000, 0.956534, 0.001828, 0.291614, -0.111235, -0.922097, 0.370627, 0.269574, -0.386955, -0.881814, 1.000000,
   -0.121004, 0.451493, 0.414569, 1.000000, 0.833333, 1.983333, 0.962459, 0.001253, 0.271424, -0.056861, -0.976875, 0.206112, 0.265405, -0.213808, -0.940131, 1.000000,
   -0.222489, 0.461699, 0.372538, 1.000000, 0.666667, 1.966667, 0.858243, 0.001041, 0.513243, 0.181789, -0.935784, -0.302094, 0.479970, 0.352572, -0.803319, 1.000000,
   -0.121004, 0.451493, 0.414569, 1.000000, 0.833333, 1.983333, 0.962459, 0.001253, 0.271424, -0.056861, -0.976875, 0.206112, 0.265405, -0.213808, -0.940131, 1.000000,
   -0.223340, 0.465101, 0.377615, 1.000000, 0.666667, 1.950000, 0.857366, 0.009475, 0.514619, 0.506614, -0.191958, -0.840532, 0.090822, 0.981357, -0.169379, 1.000000,
   -0.118412, 0.465101, 0.421099, 1.000000, 0.833333, 1.950000, 0.962310, 0.008985, 0.271807, 0.269577, -0.163111, -0.949064, 0.035808, 0.986567, -0.159386, 1.000000,
   -0.118501, 0.461699, 0.415437, 1.000000, 0.833333, 1.966667, 0.962946, 0.000324, 0.269694, 0.115392, -0.904339, -0.410921, 0.243762, 0.426815, -0.870867, 1.000000,
   -0.226874, 0.461699, 0.385496, 1.000000, 0.666667, 1.933333, 0.855047, 0.003708, 0.518537, 0.441528, 0.519189, -0.731776, -0.271932, 0.854651, 0.442294, 1.000000,
   -0.118412, 0.465101, 0.421099, 1.000000, 0.833333, 1.950000, 0.962310, 0.008985, 0.271807, 0.269577, -0.163111, -0.949064, 0.035808, 0.986567, -0.159386, 1.000000,
   -0.120002, 0.461699, 0.429887, 1.000000, 0.833333, 1.933333, 0.960734, 0.004566, 0.277434, 0.236092, 0.511850, -0.825997, -0.145776, 0.859063, 0.490673, 1.000000,
   -0.231867, 0.451493, 0.394685, 1.000000, 0.666667, 1.916667, 0.855297, 0.001317, 0.518136, 0.329506, 0.770351, -0.545880, -0.399866, 0.637619, 0.658445, 1.000000,
   -0.237097, 0.434481, 0.403687, 1.000000, 0.666667, 1.900000, 0.855598, 0.000016, 0.517641, 0.249766, 0.875878, -0.412861, -0.453397, 0.482533, 0.749395, 1.000000,
   -0.125288, 0.434481, 0.450173, 1.000000, 0.833333, 1.900000, 0.960686, 0.000661, 0.277635, 0.133326, 0.876049, -0.463425, -0.243528, 0.482222, 0.841520, 1.000000,
   -0.319692, 0.434481, 0.309194, 1.000000, 0.500000, 2.000000, 0.660830, 0.000239, 0.750536, -0.339884, -0.891489, 0.299544, 0.669166, -0.453043, -0.589041, 1.000000,
   -0.311154, 0.451493, 0.305078, 1.000000, 0.500000, 1.983333, 0.684328, 0.000323, 0.729174, -0.230844, -0.948469, 0.217066, 0.691669, -0.316870, -0.648989, 1.000000,
   -0.233733, 0.434481, 0.376774, 1.000000, 0.666667, 2.000000, 0.842250, 0.000887, 0.539086, -0.239724, -0.895070, 0.376007, 0.482854, -0.445924, -0.753660, 1.000000,
   -0.311154, 0.451493, 0.305078, 1.000000, 0.500000, 1.983333, 0.684328, 0.000323, 0.729174, -0.230844, -0.948469, 0.217066, 0.691669, -0.316870, -0.648989, 1.000000,
   -0.308828, 0.461699, 0.305717, 1.000000, 0.500000, 1.966667, 0.692574, 0.001661, 0.721345, 0.233697, -0.946578, -0.222205, 0.682440, 0.322470, -0.655964, 1.000000,
   -0.222489, 0.461699, 0.372538, 1.000000, 0.666667, 1.966667, 0.858243, 0.001041, 0.513243, 0.181789, -0.935784, -0.302094, 0.479970, 0.352572, -0.803319, 1.000000,
   -0.308828, 0.461699, 0.305717, 1.000000, 0.500000, 1.966667, 0.692574, 0.001661, 0.721345, 0.233697, -0.946578, -0.222205, 0.682440, 0.322470, -0.655964, 1.000000,
   -0.311196, 0.465101, 0.309884, 1.000000, 0.500000, 1.950000, 0.693022, 0.010597, 0.720838, 0.706526, -0.208675, -0.676222, 0.143255, 0.977928, -0.152103, 1.000000,
   -0.223340, 0.465101, 0.377615, 1.000000, 0.666667, 1.950000, 0.857366, 0.009475, 0.514619, 0.506614, -0.191958, -0.840532, 0.090822, 0.981357, -0.169379, 1.000000,
   -0.222489, 0.461699, 0.372538, 1.000000, 0.666667, 1.966667, 0.858243, 0.001041, 0.513243, 0.181789, -0.935784, -0.302094, 0.479970, 0.352572, -0.803319, 1.000000,
   -0.223340, 0.465101, 0.377615, 1.000000, 0.666667, 1.950000, 0.857366, 0.009475, 0.514619, 0.506614, -0.191958, -0.840532, 0.090822, 0.981357, -0.169379, 1.000000,
   -0.316740, 0.461699, 0.316351, 1.000000, 0.500000, 1.933333, 0.691390, 0.002758, 0.722476, 0.615158, 0.522181, -0.590684, -0.378892, 0.852830, 0.359334, 1.000000,
   -0.226874, 0.461699, 0.385496, 1.000000, 0.666667, 1.933333, 0.855047, 0.003708, 0.518537, 0.441528, 0.519189, -0.731776, -0.271932, 0.854651, 0.442294, 1.000000,
   -0.316740, 0.461699, 0.316351, 1.000000, 0.500000, 1.933333, 0.691390, 0.002758, 0.722476, 0.615158, 0.522181, -0.590684, -0.378892, 0.852830, 0.359334, 1.000000,
   -0.323940, 0.451493, 0.323892, 1.000000, 0.500000, 1.916667, 0.692505, 0.000642, 0.721413, 0.458930, 0.771170, -0.441226, -0.556615, 0.636630, 0.533744, 1.000000,
   -0.226874, 0.461699, 0.385496, 1.000000, 0.666667, 1.933333, 0.855047, 0.003708, 0.518537, 0.441528, 0.519189, -0.731776, -0.271932, 0.854651, 0.442294, 1.000000,
   -0.231867, 0.451493, 0.394685, 1.000000, 0.666667, 1.916667, 0.855297, 0.001317, 0.518136, 0.329506, 0.770351, -0.545880, -0.399866, 0.637619, 0.658445, 1.000000,
   -0.331279, 0.434481, 0.331279, 1.000000, 0.500000, 1.900000, 0.693139, -0.000494, 0.720804, 0.348152, 0.875846, -0.334190, -0.631149, 0.482590, 0.607255, 1.000000,
   -0.237097, 0.434481, 0.403687, 1.000000, 0.666667, 1.900000, 0.855598, 0.000016, 0.517641, 0.249766, 0.875878, -0.412861, -0.453397, 0.482533, 0.749395, 1.000000,
   -0.231867, 0.451493, 0.394685, 1.000000, 0.666667, 1.916667, 0.855297, 0.001317, 0.518136, 0.329506, 0.770351, -0.545880, -0.399866, 0.637619, 0.658445, 1.000000,
   -0.382995, 0.434481, 0.221290, 1.000000, 0.333333, 2.000000, 0.435813, -0.000250, 0.900037, -0.367059, -0.913109, 0.177482, 0.821788, -0.407716, -0.398037, 1.000000,
   -0.375360, 0.451493, 0.218345, 1.000000, 0.333333, 1.983333, 0.465794, -0.000047, 0.884893, -0.241722, -0.961974, 0.127188, 0.851238, -0.273141, -0.448093, 1.000000,
   -0.319692, 0.434481, 0.309194, 1.000000, 0.500000, 2.000000, 0.660830, 0.000239, 0.750536, -0.339884, -0.891489, 0.299544, 0.669166, -0.453043, -0.589041, 1.000000,
   -0.375360, 0.451493, 0.218345, 1.000000, 0.333333, 1.983333, 0.465794, -0.000047, 0.884893, -0.241722, -0.961974, 0.127188, 0.851238, -0.273141, -0.448093, 1.000000,
   -0.374381, 0.461699, 0.218802, 1.000000, 0.333333, 1.966667, 0.479638, 0.002493, 0.877463, 0.316961, -0.932967, -0.170611, 0.818218, 0.359953, -0.448277, 1.000000,
   -0.308828, 0.461699, 0.305717, 1.000000, 0.500000, 1.966667, 0.692574, 0.001661, 0.721345, 0.233697, -0.946578, -0.222205, 0.682440, 0.322470, -0.655964, 1.000000,
   -0.311154, 0.451493, 0.305078, 1.000000, 0.500000, 1.983333, 0.684328, 0.000323, 0.729174, -0.230844, -0.948469, 0.217066, 0.691669, -0.316870, -0.648989, 1.000000,
   -0.378393, 0.465101, 0.221784, 1.000000, 0.333333, 1.950000, 0.480965, 0.011409, 0.876666, 0.860542, -0.197432, -0.469562, 0.167724, 0.980250, -0.104776, 1.000000,
   -0.311196, 0.465101, 0.309884, 1.000000, 0.500000, 1.950000, 0.693022, 0.010597, 0.720838, 0.706526, -0.208675, -0.676222, 0.143255, 0.977928, -0.152103, 1.000000,
   -0.378393, 0.465101, 0.221784, 1.000000, 0.333333, 1.950000, 0.480965, 0.011409, 0.876666, 0.860542, -0.197432, -0.469562, 0.167724, 0.980250, -0.104776, 1.000000,
   -0.385726, 0.461699, 0.226413, 1.000000, 0.333333, 1.933333, 0.480508, 0.001957, 0.876988, 0.749360, 0.518586, -0.411737, -0.455599, 0.855023, 0.247719, 1.000000,
   -0.311196, 0.465101, 0.309884, 1.000000, 0.500000, 1.950000, 0.693022, 0.010597, 0.720838, 0.706526, -0.208675, -0.676222, 0.143255, 0.977928, -0.152103, 1.000000,
   -0.394713, 0.451493, 0.231810, 1.000000, 0.333333, 1.916667, 0.482559, 0.000007, 0.875863, 0.558350, 0.770460, -0.307630, -0.674820, 0.637488, 0.371789, 1.000000,
   -0.323940, 0.451493, 0.323892, 1.000000, 0.500000, 1.916667, 0.692505, 0.000642, 0.721413, 0.458930, 0.771170, -0.441226, -0.556615, 0.636630, 0.533744, 1.000000,
   -0.403687, 0.434481, 0.237097, 1.000000, 0.333333, 1.900000, 0.483582, -0.001006, 0.875299, 0.422692, 0.875937, -0.232521, -0.766473, 0.482425, 0.424012, 1.000000,
   -0.331279, 0.434481, 0.331279, 1.000000, 0.500000, 1.900000, 0.693139, -0.000494, 0.720804, 0.348152, 0.875846, -0.334190, -0.631149, 0.482590, 0.607255, 1.000000,
   -0.323940, 0.451493, 0.323892, 1.000000, 0.500000, 1.916667, 0.692505, 0.000642, 0.721413, 0.458930, 0.771170, -0.441226, -0.556615, 0.636630, 0.533744, 1.000000,
   -0.422105, 0.434481, 0.116935, 1.000000, 0.166667, 2.000000, 0.195604, -0.000711, 0.980683, -0.341909, -0.937304, 0.067517, 0.919150, -0.348511, -0.183583, 1.000000,
   -0.415694, 0.451493, 0.115379, 1.000000, 0.166667, 1.983333, 0.224182, -0.000317, 0.974547, -0.194456, -0.979905, 0.044413, 0.954950, -0.199463, -0.219739, 1.000000,
   -0.375360, 0.451493, 0.218345, 1.000000, 0.333333, 1.983333, 0.465794, -0.000047, 0.884893, -0.241722, -0.961974, 0.127188, 0.851238, -0.273141, -0.448093, 1.000000,
   -0.382995, 0.434481, 0.221290, 1.000000, 0.333333, 2.000000, 0.435813, -0.000250, 0.900037, -0.367059, -0.913109, 0.177482, 0.821788, -0.407716, -0.398037, 1.000000,
   -0.415694, 0.451493, 0.115379, 1.000000, 0.166667, 1.983333, 0.224182, -0.000317, 0.974547, -0.194456, -0.979905, 0.044413, 0.954950, -0.199463, -0.219739, 1.000000,
   -0.416013, 0.461699, 0.115621, 1.000000, 0.166667, 1.966667, 0.237001, 0.003598, 0.971503, 0.415409, -0.904341, -0.097992, 0.878217, 0.426795, -0.215825, 1.000000,
   -0.375360, 0.451493, 0.218345, 1.000000, 0.333333, 1.983333, 0.465794, -0.000047, 0.884893, -0.241722, -0.961974, 0.127188, 0.851238, -0.273141, -0.448093, 1.000000,
   -0.421342, 0.465101, 0.117196, 1.000000, 0.166667, 1.950000, 0.235783, 0.011454, 0.971738, 0.957869, -0.171468, -0.230401, 0.163983, 0.985123, -0.051401, 1.000000,
   -0.378393, 0.465101, 0.221784, 1.000000, 0.333333, 1.950000, 0.480965, 0.011409, 0.876666, 0.860542, -0.197432, -0.469562, 0.167724, 0.980250, -0.104776, 1.000000,
   -0.421342, 0.465101, 0.117196, 1.000000, 0.166667, 1.950000, 0.235783, 0.011454, 0.971738, 0.957869, -0.171468, -0.230401, 0.163983, 0.985123, -0.051401, 1.000000,
   -0.429959, 0.461699, 0.119642, 1.000000, 0.166667, 1.933333, 0.235333, 0.001339, 0.971914, 0.834696, 0.512005, -0.202813, -0.497896, 0.858981, 0.119374, 1.000000,
   -0.378393, 0.465101, 0.221784, 1.000000, 0.333333, 1.950000, 0.480965, 0.011409, 0.876666, 0.860542, -0.197432, -0.469562, 0.167724, 0.980250, -0.104776, 1.000000,
   -0.385726, 0.461699, 0.226413, 1.000000, 0.333333, 1.933333, 0.480508, 0.001957, 0.876988, 0.749360, 0.518586, -0.411737, -0.455599, 0.855023, 0.247719, 1.000000,
   -0.440143, 0.451493, 0.122494, 1.000000, 0.166667, 1.916667, 0.237896, -0.000726, 0.971290, 0.621025, 0.769004, -0.151531, -0.746816, 0.639244, 0.183394, 1.000000,
   -0.394713, 0.451493, 0.231810, 1.000000, 0.333333, 1.916667, 0.482559, 0.000007, 0.875863, 0.558350, 0.770460, -0.307630, -0.674820, 0.637488, 0.371789, 1.000000,
   -0.385726, 0.461699, 0.226413, 1.000000, 0.333333, 1.933333, 0.480508, 0.001957, 0.876988, 0.749360, 0.518586, -0.411737, -0.455599, 0.855023, 0.247719, 1.000000,
   -0.450173, 0.434481, 0.125288, 1.000000, 0.166667, 1.900000, 0.239288, -0.001649, 0.970947, 0.468378, 0.876150, -0.113943, -0.850508, 0.482035, 0.210425, 1.000000,
   -0.435484, 0.434481, -0.000000, 1.000000, -0.000000, 2.000000, -0.049035, 0.000081, 0.998797, -0.321798, -0.946678, -0.015722, 0.945538, -0.322182, 0.046446, 1.000000,
   -0.429688, 0.451493, -0.000000, 1.000000, -0.000000, 1.983333, -0.024569, 0.000147, 0.999698, -0.155767, -0.987787, -0.003683, 0.987488, -0.155810, 0.024291, 1.000000,
   -0.415694, 0.451493, 0.115379, 1.000000, 0.166667, 1.983333, 0.224182, -0.000317, 0.974547, -0.194456, -0.979905, 0.044413, 0.954950, -0.199463, -0.219739, 1.000000,
   -0.415694, 0.451493, 0.115379, 1.000000, 0.166667, 1.983333, 0.224182, -0.000317, 0.974547, -0.194456, -0.979905, 0.044413, 0.954950, -0.199463, -0.219739, 1.000000,
   -0.430588, 0.461699, -0.000000, 1.000000, -0.000000, 1.966667, -0.016499, 0.002795, 0.999860, 0.467242, -0.884071, 0.010182, 0.883976, 0.467345, 0.013280, 1.000000,
   -0.415694, 0.451493, 0.115379, 1.000000, 0.166667, 1.983333, 0.224182, -0.000317, 0.974547, -0.194456, -0.979905, 0.044413, 0.954950, -0.199463, -0.219739, 1.000000,
   -0.436456, 0.465101, -0.000000, 1.000000, -0.000000, 1.950000, -0.019021, 0.010310, 0.999766, 0.987844, -0.154109, 0.020383, 0.154283, 0.988000, -0.007254, 1.000000,
   -0.421342, 0.465101, 0.117196, 1.000000, 0.166667, 1.950000, 0.235783, 0.011454, 0.971738, 0.957869, -0.171468, -0.230401, 0.163983, 0.985123, -0.051401, 1.000000,
   -0.445565, 0.461699, -0.000000, 1.000000, -0.000000, 1.933333, -0.021592, 0.002707, 0.999763, 0.861273, 0.507850, 0.017226, -0.507683, 0.861441, -0.013298, 1.000000,
   -0.421342, 0.465101, 0.117196, 1.000000, 0.166667, 1.950000, 0.235783, 0.011454, 0.971738, 0.957869, -0.171468, -0.230401, 0.163983, 0.985123, -0.051401, 1.000000,
   -0.429959, 0.461699, 0.119642, 1.000000, 0.166667, 1.933333, 0.235333, 0.001339, 0.971914, 0.834696, 0.512005, -0.202813, -0.497896, 0.858981, 0.119374, 1.000000,
   -0.445565, 0.461699, -0.000000, 1.000000, -0.000000, 1.933333, -0.021592, 0.002707, 0.999763, 0.861273, 0.507850, 0.017226, -0.507683, 0.861441, -0.013298, 1.000000,
   -0.456185, 0.451493, -0.000000, 1.000000, -0.000000, 1.916667, -0.020448, 0.000637, 0.999791, 0.640348, 0.767982, 0.012607, -0.767813, 0.640472, -0.016112, 1.000000,
   -0.429959, 0.461699, 0.119642, 1.000000, 0.166667, 1.933333, 0.235333, 0.001339, 0.971914, 0.834696, 0.512005, -0.202813, -0.497896, 0.858981, 0.119374, 1.000000,
   -0.456185, 0.451493, -0.000000, 1.000000, -0.000000, 1.916667, -0.020448, 0.000637, 0.999791, 0.640348, 0.767982, 0.012607, -0.767813, 0.640472, -0.016112, 1.000000,
   -0.466590, 0.434481, -0.000000, 1.000000, -0.000000, 1.900000, -0.019610, -0.000496, 0.999808, 0.481702, 0.876279, 0.009882, -0.876116, 0.481803, -0.016945, 1.000000,
   -0.440143, 0.451493, 0.122494, 1.000000, 0.166667, 1.916667, 0.237896, -0.000726, 0.971290, 0.621025, 0.769004, -0.151531, -0.746816, 0.639244, 0.183394, 1.000000,
   -0.435484, 0.434481, -0.000000, 1.000000, 2.000000, 2.000000, -0.049035, 0.000081, 0.998797, -0.321798, -0.946678, -0.015722, 0.945538, -0.322182, 0.046446, 1.000000,
   -0.420161, 0.434481, -0.116935, 1.000000, 1.833333, 2.000000, -0.301268, 0.000889, 0.953539, -0.308040, -0.946472, -0.096442, 0.902413, -0.322783, 0.285416, 1.000000,
   -0.414569, 0.451493, -0.115379, 1.000000, 1.833333, 1.983333, -0.277854, 0.000530, 0.960623, -0.144299, -0.988676, -0.041192, 0.949724, -0.150063, 0.274784, 1.000000,
   -0.429688, 0.451493, -0.000000, 1.000000, 2.000000, 1.983333, -0.024569, 0.000147, 0.999698, -0.155767, -0.987787, -0.003683, 0.987488, -0.155810, 0.024291, 1.000000,
   -0.429688, 0.451493, -0.000000, 1.000000, 2.000000, 1.983333, -0.024569, 0.000147, 0.999698, -0.155767, -0.987787, -0.003683, 0.987488, -0.155810, 0.024291, 1.000000,
   -0.415437, 0.461699, -0.115621, 1.000000, 1.833333, 1.966667, -0.271797, 0.001799, 0.962353, 0.456446, -0.880120, 0.130559, 0.847221, 0.474748, 0.238393, 1.000000,
   -0.430588, 0.461699, -0.000000, 1.000000, 2.000000, 1.966667, -0.016499, 0.002795, 0.999860, 0.467242, -0.884071, 0.010182, 0.883976, 0.467345, 0.013280, 1.000000,
   -0.429688, 0.451493, -0.000000, 1.000000, 2.000000, 1.983333, -0.024569, 0.000147, 0.999698, -0.155767, -0.987787, -0.003683, 0.987488, -0.155810, 0.024291, 1.000000,
   -0.430588, 0.461699, -0.000000, 1.000000, 2.000000, 1.966667, -0.016499, 0.002795, 0.999860, 0.467242, -0.884071, 0.010182, 0.883976, 0.467345, 0.013280, 1.000000,
   -0.421099, 0.465101, -0.117197, 1.000000, 1.833333, 1.950000, -0.273920, 0.009739, 0.961703, 0.950425, -0.150276, 0.272230, 0.147172, 0.988596, 0.031908, 1.000000,
   -0.436456, 0.465101, -0.000000, 1.000000, 2.000000, 1.950000, -0.019021, 0.010310, 0.999766, 0.987844, -0.154109, 0.020383, 0.154283, 0.988000, -0.007254, 1.000000,
   -0.430588, 0.461699, -0.000000, 1.000000, 2.000000, 1.966667, -0.016499, 0.002795, 0.999860, 0.467242, -0.884071, 0.010182, 0.883976, 0.467345, 0.013280, 1.000000,
   -0.436456, 0.465101, -0.000000, 1.000000, 2.000000, 1.950000, -0.019021, 0.010310, 0.999766, 0.987844, -0.154109, 0.020383, 0.154283, 0.988000, -0.007254, 1.000000,
   -0.421099, 0.465101, -0.117197, 1.000000, 1.833333, 1.950000, -0.273920, 0.009739, 0.961703, 0.950425, -0.150276, 0.272230, 0.147172, 0.988596, 0.031908, 1.000000,
   -0.429887, 0.461699, -0.119642, 1.000000, 1.833333, 1.933333, -0.277835, 0.004052, 0.960620, 0.828871, 0.506480, 0.237593, -0.485573, 0.862242, -0.144077, 1.000000,
   -0.445565, 0.461699, -0.000000, 1.000000, 2.000000, 1.933333, -0.021592, 0.002707, 0.999763, 0.861273, 0.507850, 0.017226, -0.507683, 0.861441, -0.013298, 1.000000,
   -0.436456, 0.465101, -0.000000, 1.000000, 2.000000, 1.950000, -0.019021, 0.010310, 0.999766, 0.987844, -0.154109, 0.020383, 0.154283, 0.988000, -0.007254, 1.000000,
   -0.445565, 0.461699, -0.000000, 1.000000, 2.000000, 1.933333, -0.021592, 0.002707, 0.999763, 0.861273, 0.507850, 0.017226, -0.507683, 0.861441, -0.013298, 1.000000,
   -0.440134, 0.451493, -0.122494, 1.000000, 1.833333, 1.916667, -0.277905, 0.002012, 0.960606, 0.616552, 0.767215, 0.176763, -0.736636, 0.641387, -0.214454, 1.000000,
   -0.456185, 0.451493, -0.000000, 1.000000, 2.000000, 1.916667, -0.020448, 0.000637, 0.999791, 0.640348, 0.767982, 0.012607, -0.767813, 0.640472, -0.016112, 1.000000,
   -0.445565, 0.461699, -0.000000, 1.000000, 2.000000, 1.933333, -0.021592, 0.002707, 0.999763, 0.861273, 0.507850, 0.017226, -0.507683, 0.861441, -0.013298, 1.000000,
   -0.456185, 0.451493, -0.000000, 1.000000, 2.000000, 1.916667, -0.020448, 0.000637, 0.999791, 0.640348, 0.767982, 0.012607, -0.767813, 0.640472, -0.016112, 1.000000,
   -0.450173, 0.434481, -0.125288, 1.000000, 1.833333, 1.900000, -0.277635, 0.000653, 0.960686, 0.463633, 0.875929, 0.133393, -0.841406, 0.482440, -0.243491, 1.000000,
   -0.466590, 0.434481, -0.000000, 1.000000, 2.000000, 1.900000, -0.019610, -0.000496, 0.999808, 0.481702, 0.876279, 0.009882, -0.876116, 0.481803, -0.016945, 1.000000,
   -0.456185, 0.451493, -0.000000, 1.000000, 2.000000, 1.916667, -0.020448, 0.000637, 0.999791, 0.640348, 0.767982, 0.012607, -0.767813, 0.640472, -0.016112, 1.000000,
   -0.376774, 0.434481, -0.221290, 1.000000, 1.666667, 2.000000, -0.538241, 0.000458, 0.842791, -0.272710, -0.946295, -0.173649, 0.797449, -0.323303, 0.509460, 1.000000,
   -0.371759, 0.451493, -0.218345, 1.000000, 1.666667, 1.983333, -0.517558, 0.000301, 0.855648, -0.128782, -0.988636, -0.077549, 0.845901, -0.150329, 0.511715, 1.000000,
   -0.420161, 0.434481, -0.116935, 1.000000, 1.833333, 2.000000, -0.301268, 0.000889, 0.953539, -0.308040, -0.946472, -0.096442, 0.902413, -0.322783, 0.285416, 1.000000,
   -0.414569, 0.451493, -0.115379, 1.000000, 1.833333, 1.983333, -0.277854, 0.000530, 0.960623, -0.144299, -0.988676, -0.041192, 0.949724, -0.150063, 0.274784, 1.000000,
